cam_model: ATAN
cam_width: 640
cam_height: 480
cam_fx: 0.796413
cam_fy: 1.0593
cam_cx: 0.494111
cam_cy: 0.449931
cam_d0: 0.264945